"D:\Git projects\OOP 5\main.py" 
Solve of the Function with ZERO solutions: [[-84.0, 0.0, 39.0, 0.0, -6.0], [-46.0, -12.0, -39.0], [18.0, 0.0, 33.0, 0.0, 68.0], [-40.0, 0.0, -6.0, 0.0, -34.0], [0.0, 5.0], [-36.0, 0.0, -57.0], [0.0, 18.0], [72.0, -25.0, 12.0], [-24.0, 0.0, 22.0, 0.0, -12.0], [28.0, 0.0, -56.0, 0.0, 30.0]]
Solve of the Function with ONE solutions: [[9.0, 4.0], [52.0, -69.0], [-24.0, 0.0, 0.0, 0.0, 0.0], [0.0, 12.0, 18.0], [-16.0, 0.0, 0.0], [0.0, -88.0, 0.0], [46.0, 0.0], [0.0, -57.0, 24.0], [-28.0, 12.0], [-16.0, 1.0], [0.0, 18.0, 0.0], [0.0, -63.0, 30.0], [-9.0, 0.0, 0.0], [-40.0, 23.0], [0.0, 8.0, 17.0], [0.0, 0.0, 18.0, 0.0, 0.0], [-27.0, 0.0, 0.0, 0.0, 0.0]]
Solve of the Function with TWO solutions: [[-8.0, -5.0, 46.0], [40.0, -40.0, 0.0], [-18.0, -38.0, 0.0], [-57.0, 0.0, 10.0], [-32.0, 69.0, 36.0], [22.0, 12.0, 0.0], [-22.0, 69.0, -25.0], [-80.0, 19.0, 36.0], [38.0, -38.0, -26.0], [-10.0, 18.0, 0.0], [6.0, 21.0, -22.0], [-51.0, -56.0, 0.0], [-28.0, 0.0, 23.0], [9.0, -76.0, 0.0], [32.0, -69.0, -15.0], [69.0, 92.0, -51.0], [36.0, 0.0, -54.0], [42.0, 20.0, -46.0], [-18.0, 39.0, 0.0], [-80.0, -60.0, -7.0], [6.0, 20.0, 0.0], [60.0, -2.0, -42.0], [0.0, 0.0, 22.0, 0.0, 15.0], [0.0, 0.0, 18.0, 0.0, -42.0]]
Solve of the Function with THREE solutions: [[16.0, 0.0, -12.0, 0.0, 0.0]]
Solve of the Function with FOUR solutions: [[9.0, 0.0, 0.0, 0.0, -18.0], [100.0, 0.0, -32.0, 0.0, -19.0], [-13.0, 0.0, -33.0, 0.0, 20.0], [2.0, 0.0, -11.0, 0.0, -69.0], [1.0, 0.0, -3.0, 0.0, 2.0]]
Solve of the Function with INF solutions: [[0.0, 0.0, 0.0, 0.0, 0.0]]
Minimum number of solutions: -4.344063736045563
Maximum number of solutions: 8.444444444444445

Process finished with exit code 0